sample,uvp,location,latitude,uvb,t_avg
1,0.367480325463519,beu,50.49197,9803.548828125,6.651333342
2,0.401836547291093,beu,50.49197,9803.548828125,6.651333342
3,0.462305381043431,beu,50.49197,9803.548828125,6.651333342
4,0.389548693586698,seb,50.51419,9416.89453125,4.955000033
5,0.545095457537854,seb,50.51419,9416.89453125,4.955000033
6,0.522974994656978,seb,50.51419,9416.89453125,4.955000033
7,0.449231391585761,seb,50.51419,9416.89453125,4.955000033
8,0.415508081835651,bre,50.49174,9803.548828125,7.514499935
9,0.37695884277596,bre,50.49174,9803.548828125,7.514499935
10,0.478808980669948,bre,50.49174,9803.548828125,7.514499935
11,0.640042410319845,ker,41.32675,13379.4130859375,7.76466667
12,0.601750547045952,ker,41.32675,13379.4130859375,7.76466667
13,0.650996015936255,ker,41.32675,13379.4130859375,7.76466667
14,0.532411174396528,ker,41.32675,13379.4130859375,7.76466667
15,0.608347876672484,ker,41.32675,13379.4130859375,7.76466667
16,0.504341354502605,ker,41.32675,13379.4130859375,7.76466667
17,0.592411924119241,ril,42.15625,12285.115234375,4.9371666598
18,0.462774957698816,ril,42.15625,12285.115234375,4.9371666598
19,0.50114854517611,ril,42.15625,12285.115234375,4.9371666598
20,0.430651749245249,ril,42.15625,12285.115234375,4.9371666598
21,0.421492103830096,ril,42.15625,12285.115234375,4.9371666598
22,0.514527144345411,ril,42.15625,12285.115234375,4.9371666598
23,0.422355352356929,tor,57.53837,8482.6953125,7.7840909089
24,0.503292894280763,kon,50.40918,9482.3046875,4.8321665817
25,0.61719485409476,kon,50.40918,9482.3046875,4.8321665817
26,0.439607298690996,kon,50.40918,9482.3046875,4.8321665817
27,0.631541825363239,kon,50.40918,9482.3046875,4.8321665817
28,0.606022584692597,kon,50.40918,9482.3046875,4.8321665817
29,0.584278638760185,kon,50.40918,9482.3046875,4.8321665817
30,0.429878048780488,bes,50.18543,9880.0615234375,8.0910000255
31,0.337742752603434,bes,50.18543,9880.0615234375,8.0910000255
32,0.357198748043818,bes,50.18543,9880.0615234375,8.0910000255
33,0.42304625199362,bes,50.18543,9880.0615234375,8.0910000255
34,0.429278123854892,tre,46.614,10765.9375,1.7530000322
35,0.69472315124489,tre,46.614,10765.9375,1.7530000322
36,0.591170065333597,tre,46.614,10765.9375,1.7530000322
37,0.623840258168616,tre,46.614,10765.9375,1.7530000322
38,0.345299145299145,tre,46.614,10765.9375,1.7530000322
39,0.725802558532464,tre,46.614,10765.9375,1.7530000322
40,0.67049576783555,tre,46.614,10765.9375,1.7530000322
41,0.522905759162304,tre,46.614,10765.9375,1.7530000322
42,0.485,hol,60.23336,6621.8217773438,6.8085000167
43,0.429,hol,60.23336,6621.8217773438,6.8085000167
44,0.336,hee,52.65,9041.255859375,9.6129999657
45,0.606,ont,44.35878,11237.33984375,6.3076666743
46,0.471,sur,51.27153,8748.5,10.0109998894
47,0.428,sur,51.27153,8748.5,10.0109998894
48,0.515,sur,51.27153,8748.5,10.0109998894
49,0.342,herr,49.54756,9801.4267578125,10.0048333028
50,0.587,herr,49.54756,9801.4267578125,10.0048333028
51,0.641,herr,49.54756,9801.4267578125,10.0048333028
52,0.483,har,52.47533,8348.5185546875,9.3678333585
53,0.599,osl,59.88146,7791.19921875,5.9403333473
54,0.707349740498912,vlk1,50.31957,9482.3046875,7.1800001065
55,0.374116367591082,vlk1,50.31957,9482.3046875,7.1800001065
56,0.642965587044534,vlk1,50.31957,9482.3046875,7.1800001065
57,0.644919262763008,vlk1,50.31957,9482.3046875,7.1800001065
58,0.632395950506187,vlk1,50.31957,9482.3046875,7.1800001065
59,0.443311235764066,bes,50.18543,9880.0615234375,8.0910000255
60,0.542572283150548,bes,50.18543,9880.0615234375,8.0910000255
61,0.348727057430432,bes,50.18543,9880.0615234375,8.0910000255
62,0.538075780089153,bev,50.18355,9880.0615234375,8.0910000255
63,0.565333333333333,bev,50.18355,9880.0615234375,8.0910000255
64,0.467822206967565,vlk1,50.31957,9482.3046875,7.1800001065
65,0.500508741097031,vlk1,50.31957,9482.3046875,7.1800001065
66,0.291372257344738,vlk1,50.31957,9482.3046875,7.1800001065
67,0.404319248826291,vlk1,50.31957,9482.3046875,7.1800001065
68,0.614217050341513,vlk1,50.31957,9482.3046875,7.1800001065
69,0.634782608695652,vlk1,50.31957,9482.3046875,7.1800001065
70,0.551586395800046,vlk1,50.31957,9482.3046875,7.1800001065
71,0.39880196042839,vlk1,50.31957,9482.3046875,7.1800001065
72,0.454392547548195,dob1,50.23648,9781.51953125,7.4316666524
73,0.426808936312104,dob1,50.23648,9781.51953125,7.4316666524
74,0.366066456283646,dob1,50.23648,9781.51953125,7.4316666524
75,0.420879501385042,dob1,50.23648,9781.51953125,7.4316666524
76,0.368894890839523,dob1,50.23648,9781.51953125,7.4316666524
77,0.405715158924205,dob1,50.23648,9781.51953125,7.4316666524
78,0.434416601409554,dob1,50.23648,9781.51953125,7.4316666524
79,0.386370036609406,dob1,50.23648,9781.51953125,7.4316666524
80,0.432937792161093,dob1,50.23648,9781.51953125,7.4316666524
81,0.444606718130607,dob2,50.23438,9781.51953125,7.4316666524
82,0.442187162308191,dob2,50.23438,9781.51953125,7.4316666524
83,0.434773264560499,dob2,50.23438,9781.51953125,7.4316666524
84,0.425431309904153,dob2,50.23438,9781.51953125,7.4316666524
85,0.604764107308048,lny,50.3679,9706.1591796875,8.6363332129
86,0.567627368659934,lny,50.3679,9706.1591796875,8.6363332129
87,0.476009461057611,lny,50.3679,9706.1591796875,8.6363332129
88,0.433531028497035,lny,50.3679,9706.1591796875,8.6363332129
89,0.69964087495919,lny,50.3679,9706.1591796875,8.6363332129
90,0.581445422205579,lny,50.3679,9706.1591796875,8.6363332129
91,0.498744419642857,lny,50.3679,9706.1591796875,8.6363332129
92,0.432483253026208,lny,50.3679,9706.1591796875,8.6363332129
93,0.5070826306914,lny,50.3679,9706.1591796875,8.6363332129
94,0.634441489361702,lny,50.3679,9706.1591796875,8.6363332129
95,0.362027737924438,lny,50.3679,9706.1591796875,8.6363332129
96,0.476345357776464,lny,50.3679,9706.1591796875,8.6363332129
97,0.547529739577752,lny,50.3679,9706.1591796875,8.6363332129
98,0.369673257904198,lny,50.3679,9706.1591796875,8.6363332129
99,0.633633124045478,lny,50.3679,9706.1591796875,8.6363332129
100,0.346633825944171,pdb,50.04825,9781.51953125,7.1011666531
101,0.458571229633756,pdb,50.04825,9781.51953125,7.1011666531
102,0.392206016408387,pdb,50.04825,9781.51953125,7.1011666531
103,0.396353465243966,pdb,50.04825,9781.51953125,7.1011666531
104,0.596528591204345,pdb,50.04825,9781.51953125,7.1011666531
105,0.436580882352941,pdb,50.04825,9781.51953125,7.1011666531
106,0.535924973528967,pdb,50.04825,9781.51953125,7.1011666531
107,0.296859039836568,pdb,50.04825,9781.51953125,7.1011666531
108,0.402877697841727,pdb,50.04825,9781.51953125,7.1011666531
109,0.332276657060519,pdb,50.04825,9781.51953125,7.1011666531
110,0.337826730231794,pdb,50.04825,9781.51953125,7.1011666531
111,0.45686948721782,pdb,50.04825,9781.51953125,7.1011666531
112,0.441724102458595,pdb,50.04825,9781.51953125,7.1011666531
113,0.709133744110185,srb,49.3462,10012.919921875,7.5959999487
114,0.496328184350469,srb,49.3462,10012.919921875,7.5959999487
115,0.606091242259573,srb,49.3462,10012.919921875,7.5959999487
116,0.500455097087379,srb,49.3462,10012.919921875,7.5959999487
117,0.629684176075929,srb,49.3462,10012.919921875,7.5959999487
118,0.579000675219446,srb,49.3462,10012.919921875,7.5959999487
119,0.477820880418283,srb,49.3462,10012.919921875,7.5959999487
120,0.714230321830167,srb,49.3462,10012.919921875,7.5959999487
121,0.586742620403936,srb,49.3462,10012.919921875,7.5959999487
122,0.718503118503118,srb,49.3462,10012.919921875,7.5959999487
123,0.655912596401028,moc,49.36503,10012.919921875,7.4788332904
124,0.530714635340186,moc,49.36503,10012.919921875,7.4788332904
125,0.656542762163796,moc,49.36503,10012.919921875,7.4788332904
126,0.570797292215118,moc,49.36503,10012.919921875,7.4788332904
127,0.555590501651203,moc,49.36503,10012.919921875,7.4788332904
128,0.700203942895989,moc,49.36503,10012.919921875,7.4788332904
129,0.547128129602356,moc,49.36503,10012.919921875,7.4788332904
130,0.518518518518518,moc,49.36503,10012.919921875,7.4788332904
131,0.495413702733059,moc,49.36503,10012.919921875,7.4788332904
132,0.618796716088715,moc,49.36503,10012.919921875,7.4788332904
133,0.531329479768786,moc,49.36503,10012.919921875,7.4788332904
134,0.613744075829384,moc,49.36503,10012.919921875,7.4788332904
135,0.710856585841355,zhu1,49.1791,9775.12109375,5.2379999657
136,0.51731912277106,zhu1,49.1791,9775.12109375,5.2379999657
137,0.731397074411702,zhu1,49.1791,9775.12109375,5.2379999657
138,0.751746158451407,zhu1,49.1791,9775.12109375,5.2379999657
139,0.442952177733149,zhu1,49.1791,9775.12109375,5.2379999657
140,0.603301521795202,zhu1,49.1791,9775.12109375,5.2379999657
141,0.600226683937824,zhu1,49.1791,9775.12109375,5.2379999657
142,0.619729953155139,zhu1,49.1791,9775.12109375,5.2379999657
143,0.653188929001203,zhu1,49.1791,9775.12109375,5.2379999657
144,0.627127803296406,zhu1,49.1791,9775.12109375,5.2379999657
145,0.401225740551583,kre,49.17487,9775.12109375,5.2379999657
146,0.626093294460641,kre,49.17487,9775.12109375,5.2379999657
147,0.70780711825488,kre,49.17487,9775.12109375,5.2379999657
148,0.445481335952849,zhu2,49.17885,9775.12109375,5.2379999657
149,0.47964007930456,zhu2,49.17885,9775.12109375,5.2379999657
150,0.615890688259109,zhu2,49.17885,9775.12109375,5.2379999657
151,0.456870306474528,zhu2,49.17885,9775.12109375,5.2379999657
152,0.545100515735186,zhu2,49.17885,9775.12109375,5.2379999657
153,0.546384309950668,zhu2,49.17885,9775.12109375,5.2379999657
154,0.557951768830341,zhu2,49.17885,9775.12109375,5.2379999657
155,0.582846003898635,zhu2,49.17885,9775.12109375,5.2379999657
156,0.348798444228365,gra,47.99632,10388.091796875,8.2268333687
157,0.32752327066983,gra,47.99632,10388.091796875,8.2268333687
158,0.572443392037887,gra,47.99632,10388.091796875,8.2268333687
159,0.393569010906356,gra,47.99632,10388.091796875,8.2268333687
160,0.534639683049577,gra,47.99632,10388.091796875,8.2268333687
161,0.448354908306365,gra,47.99632,10388.091796875,8.2268333687
162,0.46656050955414,gra,47.99632,10388.091796875,8.2268333687
163,0.447701024188276,gra,47.99632,10388.091796875,8.2268333687
164,0.30085146641438,gra,47.99632,10388.091796875,8.2268333687
165,0.505179013735645,eib1,47.80648,10196.123046875,7.4411667027
166,0.483735571878279,eib1,47.80648,10196.123046875,7.4411667027
167,0.542778390297685,eib1,47.80648,10196.123046875,7.4411667027
168,0.437339855578849,eib1,47.80648,10196.123046875,7.4411667027
169,0.514023210831722,eib1,47.80648,10196.123046875,7.4411667027
170,0.395464798765286,eib1,47.80648,10196.123046875,7.4411667027
171,0.352955604611234,eib1,47.80648,10196.123046875,7.4411667027
172,0.49298160696999,eib1,47.80648,10196.123046875,7.4411667027
173,0.332229388181977,eib2,47.7989,10196.123046875,7.4411667027
174,0.271969211032713,eib2,47.7989,10196.123046875,7.4411667027
175,0.581707572897,eib2,47.7989,10196.123046875,7.4411667027
176,0.487969201154957,eib2,47.7989,10196.123046875,7.4411667027
177,0.541536238863472,eib2,47.7989,10196.123046875,7.4411667027
178,0.518877380554627,eib2,47.7989,10196.123046875,7.4411667027
179,0.395285935085008,eib2,47.7989,10196.123046875,7.4411667027
180,0.482978723404255,wie,47.7587,10388.091796875,7.3906666301
181,0.527802294792586,wie,47.7587,10388.091796875,7.3906666301
182,0.418089968727448,wie,47.7587,10388.091796875,7.3906666301
183,0.431274900398406,wie,47.7587,10388.091796875,7.3906666301
184,0.30352217271377,wie,47.7587,10388.091796875,7.3906666301
185,0.459682823319187,wie,47.7587,10388.091796875,7.3906666301
186,0.396238244514107,wie,47.7587,10388.091796875,7.3906666301
187,0.453821433561548,wie,47.7587,10388.091796875,7.3906666301
188,0.343028563975479,sal,47.76295,10388.091796875,8.8675000857
189,0.504408960915157,sal,47.76295,10388.091796875,8.8675000857
190,0.334752823551194,sal,47.76295,10388.091796875,8.8675000857
191,0.459034345445495,sal,47.76295,10388.091796875,8.8675000857
192,0.502497658445208,sal,47.76295,10388.091796875,8.8675000857
193,0.509818875119161,sal,47.76295,10388.091796875,8.8675000857
194,0.349917987971569,sal,47.76295,10388.091796875,8.8675000857
195,0.578410539736507,sal,47.76295,10388.091796875,8.8675000857
196,0.588630259623993,sal,47.76295,10388.091796875,8.8675000857
197,0.523665338645418,pri,50.45952,9482.3046875,5.2204999424
198,0.488804347826087,pri,50.45952,9482.3046875,5.2204999424
199,0.36349388778602,pri,50.45952,9482.3046875,5.2204999424
200,0.431070678796361,pri,50.45952,9482.3046875,5.2204999424
201,0.522909698996655,pri,50.45952,9482.3046875,5.2204999424
202,0.448576558091818,pri,50.45952,9482.3046875,5.2204999424
203,0.341395452518948,pri,50.45952,9482.3046875,5.2204999424
204,0.536528866714184,pri,50.45952,9482.3046875,5.2204999424
205,0.5,pri,50.45952,9482.3046875,5.2204999424
206,0.467633175994606,pri,50.45952,9482.3046875,5.2204999424
207,0.458504260018933,pri,50.45952,9482.3046875,5.2204999424
208,0.504577611319184,kov,50.43035,9482.3046875,4.8281667065
209,0.416930737890448,kov,50.43035,9482.3046875,4.8281667065
210,0.416019760056457,kov,50.43035,9482.3046875,4.8281667065
211,0.389141325876733,kov,50.43035,9482.3046875,4.8281667065
212,0.401703653889263,kov,50.43035,9482.3046875,4.8281667065
213,0.323020928116469,kov,50.43035,9482.3046875,4.8281667065
214,0.412775813726685,kov,50.43035,9482.3046875,4.8281667065
215,0.434082463280835,kov,50.43035,9482.3046875,4.8281667065
216,0.347403910991234,cvd1,50.41845,9482.3046875,4.8281667065
217,0.320385380027527,cvd1,50.41845,9482.3046875,4.8281667065
218,0.250984420475946,cvd1,50.41845,9482.3046875,4.8281667065
219,0.179866611087953,cvd1,50.41845,9482.3046875,4.8281667065
220,0.209829580036519,cvd1,50.41845,9482.3046875,4.8281667065
221,0.319237510955302,cvd1,50.41845,9482.3046875,4.8281667065
222,0.344838072069332,cvd1,50.41845,9482.3046875,4.8281667065
223,0.406199605805411,cvd1,50.41845,9482.3046875,4.8281667065
224,0.220293325351691,cvd1,50.41845,9482.3046875,4.8281667065
225,0.220719688287875,cvd1,50.41845,9482.3046875,4.8281667065
226,0.32568368712947,cvd1,50.41845,9482.3046875,4.8281667065
227,0.366494312306101,cvd1,50.41845,9482.3046875,4.8281667065
228,0.419016566795911,cvd2,50.41275,9482.3046875,4.8321665817
229,0.487346024636058,cvd2,50.41275,9482.3046875,4.8321665817
230,0.377241561181435,cvd2,50.41275,9482.3046875,4.8321665817
231,0.571463178294574,cvd2,50.41275,9482.3046875,4.8321665817
232,0.443669985775249,cvd2,50.41275,9482.3046875,4.8321665817
233,0.34347317399298,cvd2,50.41275,9482.3046875,4.8321665817
234,0.395833333333333,cvd2,50.41275,9482.3046875,4.8321665817
235,0.310215404699739,cvd2,50.41275,9482.3046875,4.8321665817
236,0.63741073485372,cvd2,50.41275,9482.3046875,4.8321665817
237,0.459060857772504,cvd2,50.41275,9482.3046875,4.8321665817
238,0.564613246873553,cvd2,50.41275,9482.3046875,4.8321665817
239,0.225648380542608,stu1,52.99602,8816.2626953125,8.9156666497
240,0.427507783944768,stu1,52.99602,8816.2626953125,8.9156666497
241,0.387342157310208,stu1,52.99602,8816.2626953125,8.9156666497
242,0.518206039076377,stu1,52.99602,8816.2626953125,8.9156666497
243,0.628848484848485,stu1,52.99602,8816.2626953125,8.9156666497
244,0.349660889223813,stu1,52.99602,8816.2626953125,8.9156666497
245,0.257604562737643,stu1,52.99602,8816.2626953125,8.9156666497
246,0.532382203867092,stu1,52.99602,8816.2626953125,8.9156666497
247,0.48068303094984,stu1,52.99602,8816.2626953125,8.9156666497
248,0.276497695852535,stu1,52.99602,8816.2626953125,8.9156666497
249,0.376284584980237,stu1,52.99602,8816.2626953125,8.9156666497
250,0.457643758765778,stu2,52.99863,8816.2626953125,8.9156666497
251,0.424388815693164,stu2,52.99863,8816.2626953125,8.9156666497
252,0.469189189189189,stu2,52.99863,8816.2626953125,8.9156666497
253,0.434024266936299,stu2,52.99863,8816.2626953125,8.9156666497
254,0.240174267704857,stu2,52.99863,8816.2626953125,8.9156666497
255,0.38452842377261,stu2,52.99863,8816.2626953125,8.9156666497
256,0.336669874879692,stu2,52.99863,8816.2626953125,8.9156666497
257,0.415449368655608,stu2,52.99863,8816.2626953125,8.9156666497
258,0.355228586442459,stu2,52.99863,8816.2626953125,8.9156666497
259,0.458223394898857,stu2,52.99863,8816.2626953125,8.9156666497
260,0.602514506769826,put,54.67203,9097.0107421875,8.1899999479
261,0.350559750065087,put,54.67203,9097.0107421875,8.1899999479
262,0.295433145009416,put,54.67203,9097.0107421875,8.1899999479
263,0.672617374191735,put,54.67203,9097.0107421875,8.1899999479
264,0.300800894021233,nar,54.57512,8945.4560546875,8.069000072
265,0.289638258736971,nar,54.57512,8945.4560546875,8.069000072
266,0.363645662847791,nar,54.57512,8945.4560546875,8.069000072
267,0.357536641118731,nar,54.57512,8945.4560546875,8.069000072
268,0.405730456314114,nar,54.57512,8945.4560546875,8.069000072
269,0.481151733282819,nar,54.57512,8945.4560546875,8.069000072
270,0.411444619975426,nar,54.57512,8945.4560546875,8.069000072
271,0.596653456627037,nar,54.57512,8945.4560546875,8.069000072
272,0.37636684303351,nar,54.57512,8945.4560546875,8.069000072
273,0.285816108339273,nar,54.57512,8945.4560546875,8.069000072
274,0.333651278138115,nar,54.57512,8945.4560546875,8.069000072
275,0.583047266965936,nar,54.57512,8945.4560546875,8.069000072
276,0.371132537055691,her,54.56878,8945.4560546875,7.873369654
277,0.290371029648996,her,54.56878,8945.4560546875,7.873369654
278,0.573998560805949,her,54.56878,8945.4560546875,7.873369654
279,0.651577199778639,her,54.56878,8945.4560546875,7.873369654
280,0.509941695320676,her,54.56878,8945.4560546875,7.873369654
281,0.522690437601297,her,54.56878,8945.4560546875,7.873369654
282,0.305014210312627,her,54.56878,8945.4560546875,7.873369654
283,0.240203611217826,her,54.56878,8945.4560546875,7.873369654
284,0.575725312749534,her,54.56878,8945.4560546875,7.873369654
285,0.500693000693001,her,54.56878,8945.4560546875,7.873369654
286,0.464085974339292,bes,50.18543,9880.0615234375,8.0910000255
287,0.616632860040568,bes,50.18543,9880.0615234375,8.0910000255
288,0.494196843082637,bes,50.18543,9880.0615234375,8.0910000255
289,0.667723669309173,bes,50.18543,9880.0615234375,8.0910000255
290,0.78725514505331,bes,50.18543,9880.0615234375,8.0910000255
291,0.466988727858293,bes,50.18543,9880.0615234375,8.0910000255
292,0.631745629592095,bes,50.18543,9880.0615234375,8.0910000255
293,0.56855679878627,bes,50.18543,9880.0615234375,8.0910000255
294,0.504778839742165,bes,50.18543,9880.0615234375,8.0910000255
295,0.43433417373367,bes,50.18543,9880.0615234375,8.0910000255
296,0.674240667748667,bes,50.18543,9880.0615234375,8.0910000255
297,0.553628262253342,por,46.48545,10983.052734375,1.4148333517
298,0.451873622336517,por,46.48545,10983.052734375,1.4148333517
299,0.597170893335032,por,46.48545,10983.052734375,1.4148333517
300,0.670773442847365,por,46.48545,10983.052734375,1.4148333517
301,0.574675324675325,por,46.48545,10983.052734375,1.4148333517
302,0.552983436439832,por,46.48545,10983.052734375,1.4148333517
303,0.679000324569945,por,46.48545,10983.052734375,1.4148333517
304,0.591225626740947,por,46.48545,10983.052734375,1.4148333517
305,0.58581173260573,por,46.48545,10983.052734375,1.4148333517
306,0.520731270163699,por,46.48545,10983.052734375,1.4148333517
307,0.74151212553495,por,46.48545,10983.052734375,1.4148333517
308,0.591620727673649,por,46.48545,10983.052734375,1.4148333517
309,0.447303586093622,por,46.48545,10983.052734375,1.4148333517
310,0.37369985141159,por,46.48545,10983.052734375,1.4148333517
311,0.625410733844469,por,46.48545,10983.052734375,1.4148333517
312,0.595018764926646,por,46.48545,10983.052734375,1.4148333517
313,0.676977989292088,por,46.48545,10983.052734375,1.4148333517
314,0.666666666666667,por,46.48545,10983.052734375,1.4148333517
315,0.645846477392219,por,46.48545,10983.052734375,1.4148333517
316,0.51927384180125,tre,46.614,10765.9375,1.7530000322
317,0.700228631727049,tre,46.614,10765.9375,1.7530000322
318,0.712281209315782,tre,46.614,10765.9375,1.7530000322
319,0.651510791366906,tre,46.614,10765.9375,1.7530000322
320,0.590609555189456,tre,46.614,10765.9375,1.7530000322
321,0.704103671706264,tre,46.614,10765.9375,1.7530000322
322,0.690277995916444,tre,46.614,10765.9375,1.7530000322
323,0.595061956722767,tre,46.614,10765.9375,1.7530000322
324,0.65477021234174,tre,46.614,10765.9375,1.7530000322
325,0.684551049392457,tre,46.614,10765.9375,1.7530000322
326,0.683170334148329,tre,46.614,10765.9375,1.7530000322
327,0.537390150887083,bec,50.50953,9357.474609375,5.7658333244
328,0.4021875,bec,50.50953,9357.474609375,5.7658333244
329,0.553398058252427,bec,50.50953,9357.474609375,5.7658333244
330,0.413883677298311,bec,50.50953,9357.474609375,5.7658333244
331,0.328203950390446,bec,50.50953,9357.474609375,5.7658333244
